SimID:10
N=10000, GenomeSize=1000000, L=20, d=0.6, y=2, mut_rate=0, rec_rate=1e-08, g=10
Summer positions:
598487
888222
353728
259021
478634
948514
344472
885506
878459
966068
88757
266181
283677
468145
752751
951942
670966
94423
365712
998219


 FREQUENCIES 
Gen,mut_pos,mut_freq
1,598487,0.5
1,888222,0.5
1,353728,0.5
1,259021,0.5
1,478634,0.5
1,948514,0.5
1,344472,0.5
1,885506,0.5
1,878459,0.5
1,966068,0.5
1,88757,0.5
1,266181,0.5
1,283677,0.5
1,468145,0.5
1,752751,0.5
1,951942,0.5
1,670966,0.5
1,94423,0.5
1,365712,0.5
1,998219,0.5
